id|name|sub_until|reports|tokens|requests|blocked
7479868225|Peredaliky|0|193|416198684:AAEsDGr1xM0-gQH2aN8cWVDpsGt2ryaCipI,8581378218:AAFjom65YP0ifZCFAd88j4XHIn0AifXzn4A|0|0
8614454298|Joseph|2026-07-17 11:03|1||0|0
8589414645|Joseph|0|0||0|0
7830598141|[イプテズ] 𝙼𝚘𝚗𝚎𝚜𝚢 良かった|0|1||0|0
6006327712|Sam|0|0||0|0
7962782791|Артём|∞|33|8771491823:AAG0je2AG2cYJvIAeILxF5hXM8_SYTzsowg,8257375491:AAG4jH3mESCV9WdiCprRgqMVsj-LpOjHZN0,8740567545:AAFcH_ppqxCIpag8Y_EuV3yhmhJ4mshlzuw,8223593881:AAGdh7GVeY-iBYowAiGhDorLAKLOy-sOQb4,416198684:AAEsDGr1xM0-gQH2aN8cWVDpsGt2ryaCipI,8966265367:AAHfcbca4QeBZs-1_gTpClVAXndiLyiN4Y8,8860328580:AAHkxrB3EL2zd0qF_5bOdcNFTFqwpU_rN-g,8828088990:AAECBnBcujQ2w3-Sivop5wH7hodpox-XLaQ|0|0
8413356809|⁠⁠ceclica|0|0||0|0
5612104927|глеб|0|0||0|0
7204763985|PHANTOM|0|0||0|0
8448858563|Генадий|0|0||0|0
8543226938|Виктор|0|0||0|0
7159597222|Wizyy|2026-05-13 20:00|3||0|0
8017389847|briella|0|0||0|0
5407920014|RU|0|0||0|0
8355089953|кларк @овнер|0|0||0|0
8422585412|Володя Владик 🤣🤣🤣|0|0||0|0
8795440506|L|0|0||0|0
8126846917|ᴜɴ!ᴄᴛь [/] @allmoviesd_bot|0|0||0|0
822000257|𝐷𝑟𝑖𝑧𝑏𝑙𝑖|0|0||0|0
6103826644|Yuol|0|0||0|1
7561280757|Kw!ziks 🇦🇺|0|0||0|0
1055885750|Nван|0|0||0|0
116299215|Hunter|∞|1||0|0
8611092805|хаос|0|0||0|0
8317056776|الشيخ²|0|0||0|0
171545019|Vladimir|0|0||0|0
6999643368|🏔️🇷🇺|0|0||0|0
7729126533|Ретаксалин|2026-07-17 20:48|7||0|0
8400791071|соточар|2026-07-17 21:00|0||0|0
7681100458|нᴀʙᴀᴧьнᴀя|0|0||0|0
6320221568|й|0|0||0|0
5331528838|ᅠ|0|0||0|0
8730163107|Joseph|0|0||0|0
6806217593|Асен|0|0||0|0
8636607729|христофор|0|0||0|0
7500671528|I'm Demon|0|0|8633768274:AAHsg1A3_-py6n-rWFsKA4QZYPVt_N-T-tk|0|0
8222218267|ꜰʀᴇᴇᴢᴇʀ|0|0||0|0
7319650158|𝕯𝖊𝖆𝖙𝖍𝑴𝒂𝒔𝒕𝒆𝒓|0|0||0|0
7012817052|aketos|0|0||0|0
7202301458|𓆩 stwirrry  WinterFR 09 𓆪|0|0||0|0
7093451829|Sasha|0|0||0|0
8696297083|хари maniac|0|0|8611453794:AAFM-i8LKY1Owcng2r_ZovpP68hIoIN0W2o|0|0
6100672407|𝐄𝐠𝐨𝐫 𝐌𝐨𝐥𝐨𝐭𝐨𝐯|0|0||0|0
8228320610|лунтик  мирный|0|0||0|0
7825021035|Shizik проклятый|0|0||0|0
5660399784|︎ ︎|0|0||0|0
5020660511|Jon|0|0||0|0
5390134187|ديفيد فرانشيسكو|0|0||0|0
8775840914|Stas Rufer|0|0||0|0
6315065768|082|0|0||0|0
7023895357|Амбасаддор жировых складок💜|0|0||0|0
8220678043|RASHINKAI|2026-07-18 08:10|1|8653448402:AAHkHV6s041OtwSa3BZuNzo7HQc-IN2fp78|0|0
1810641787|Soooo|0|0||0|0
8709224216|Миланочка|0|0||0|0
8574904179|Лумас|0|0||0|0
6777520773|programdata|∞|15||0|0
8278558339|User|∞|0||0|0
7427474605|Егор|2026-05-27 22:27|0||0|0
8304222510|User|2026-07-27 12:49|0||0|0
1759520047|yunomorov|0|0||0|0
8599811857|scartred|0|0||0|0
8626782697|the nikita|0|0||0|0
7916359809|vpx - vonox/‏󠆜⁧⁧3|0|0||0|0
8615243611|ramires|0|0||0|0
8368997242|Лискаров|0|0||0|0
57726811|Валентин|0|0||0|0
8508231595|Litov|0|0||0|0
8792408264|кверикс.|0|0||0|0
5402019164|‌‌ ‌‌Ну и что?|∞|9||0|0
6149138374|агора|∞|6||0|0
967335882|котэк|0|0||0|0
6922396866|Karma_nastignet_vsex#krovavAprel|0|0||0|0
5233368455|Kakeru|0|0||0|0
8292286361|Miguel|0|0||0|0
8063537462|Yuones|0|0||0|0
6580406780|Gabi|0|0||0|0
7070221917|ㅏㅑㅈㄴㅁㅅ|0|0||0|0
6527983994|Pusat Keamanan|0|0||0|0
8030962966|Carter|0|0||0|0
7919794834|Sachin|0|0||0|0
5892085080|Anil|0|0||0|0
5759494814|Overlord|0|0||0|0
5005782574|Dark|0|0||0|0
6907363858|Vikash|0|0||0|0
5974460827|Toure|0|0||0|0
8429403461|Matthew|0|0||0|0
8668641549|Farden|0|0||0|0
8267223863|Виолетта|0|0||0|0
1091024427|Hércules|0|0||0|0
6082630768|Sunita|0|0||0|0
6588440151|Ko|0|0||0|0
7889741143|Guri|0|0||0|0
7891272956|최|0|0||0|0
6699513292|Dora Babu|0|0||0|0
8701292093|Kyaw|0|0||0|0
8174351457|Дарья Романова|0|0||0|0
2077582468|Gilmar Brandão|0|0||0|0
5831455567|LALROPUIA|0|0||0|0
5430241245|Victor|0|0||0|0
6924470521|Telegram|0|0||0|0
6906027082|Наташа|0|0||0|0
5657028736|Олжас|0|0||0|0
1563234045|Khen Sy|0|0||0|0
953386250|Masaye|0|0||0|0
8493125384|Raja|0|0||0|0
5619572502|jack9709|0|0||0|0
5310356727|Kl|0|0||0|0
5159270294|Мария|0|0||0|0
5415998172|𝑨𝒊𝒔𝒉𝒘𝒂𝒓𝒚𝒂|0|0||0|0
5308531301|I|0|0||0|0
7380867890|Sunset|0|0||0|0
8283594573|Dorekiesepinee|0|0||0|0
6976187394|Aklips|0|0||0|0
6876740465|Mohd|0|0||0|0
8546290003|النعيم|0|0||0|0
8258022560|Shalom|0|0||0|0
6753447209|Rahul|0|0||0|0
8243412852|رضوان|0|0||0|0
5887344044|Света|0|0||0|0
5231169997|Ева|0|0||0|0
8385368243|Iddrice|0|0||0|0
7121292911|Khetaram|0|0||0|0
8496328917|20|0|0||0|0
7309794724|😜|0|0||0|0
8243672915|Michele|0|0||0|0
8174805414|Bahe|0|0||0|0
8227626178|Trd Hecker|0|0||0|0
8346924109|Debora|0|0||0|0
6110672661|Dr Saeed|0|0||0|0
7057697031|Ира|0|0||0|0
7651274463|Taajuddiin|0|0||0|0
6012234507|Костя|0|0||0|0
6122829024|SuResh|0|0||0|0
8500415407|Павел|0|0||0|0
7490823173|Хэйлин|0|0||0|0
8138289528|Talış|0|0||0|0
7137509857|Елена Р.|0|0||0|0
8304525771|Reese|0|0||0|0
2018011256|Pranav|0|0||0|0
7765906219|Любовь|0|0||0|0
5522738335|Daniela|0|0||0|0
8062600894|Лариса|0|0||0|0
7689236875|1|0|0||0|0
7824878719|gkgs|0|0||0|0
6108436139|Shanee Tomar|0|0||0|0
7195176017|Chaiwat|0|0||0|0
7399542723|Sheer_|0|0||0|0
8576648173|Юлія|0|0||0|0
8240469047|Tibor F|0|0||0|0
6681594576|Phummin|0|0||0|0
7024773662|Pon|0|0||0|0
7075384456|TG安全中心|0|0||0|0
1171381122|Rahul|0|0||0|0
1741706476|Kk|0|0||0|0
7617585952|ابو عمرا|0|0||0|0
8258230026|SaBiR|0|0||0|0
6734525065|Telegram|0|0||0|0
5979273876|Manowar|0|0||0|0
8340537904|Ahmad|0|0||0|0
8521110390|Gur|0|0||0|0
5856526648|Mickey|0|0||0|0
2037300151|S|0|0||0|0
7321146536|El|0|0||0|0
8100162832|Raja|0|0||0|0
7105597860|Onthamon|0|0||0|0
6305882379|indar|0|0||0|0
2068153421|Adriano|0|0||0|0
5657474832|Manjot Singh|0|0||0|0
5912728520|Cristal|0|0||0|0
8762935693|Angela|0|0||0|0
8382074918|Evelyn|0|0||0|0
6813485474|Ілона|0|0||0|0
7672187604|nurik999|0|0||0|0
8155521894|Mani|0|0||0|0
5538287098|Tar|0|0||0|0
6946555502|Полет|0|0||0|0
8444490306|حسين حسن|0|0||0|0
8349579114|محمد|0|0||0|0
6663431329|Mz|0|0||0|0
8717608175|David|0|0||0|0
8442874906|Laxmi|0|0||0|0
6548394179|Klif|0|0||0|0
8248483534|MaarleY|0|0||0|0
8253980170|Миша|0|0||0|0
6820528428|Md Zafer|0|0||0|0
8186510788|jhon|0|0||0|0
8317246391|Abel|0|0||0|0
8551745444|Erik|0|0||0|0
6577098859|Андрей|0|0||0|0
7968867913|Junior|0|0||0|0
5703818090|Loex|0|0||0|0
5554086280|ลลิตา|0|0||0|0
5918115099|77607|0|0||0|0
5540055548|IUX|0|0||0|0
8372415864|ᅠ ᅠ|0|0||0|0
7409349279|1212|0|0||0|0
7049316909|Света|0|0||0|0
8650210096|Esxax|0|0||0|0
5364850770|Telegram.|0|0||0|0
8561774646|Дарина|0|0||0|0
7977152759|Bhanu|0|0||0|0
7739964223|สนสิ|0|0||0|0
6890381120|Rung|0|0||0|0
8702196651|R K|0|0||0|0
8783910819|Jeannette|0|0||0|0
8286997043|Hassan|0|0||0|0
8710038217|25 ရာစုဗျတ္တ 🌷🌹|0|0||0|0
7852477682|Hester|0|0||0|0
6639957444|Reney|0|0||0|0
7429357904|Артём|0|0||0|0
7224737815|🐤 bfdfdsfdse Gra-Gra|0|0||0|0
5885448317|ㅤ|0|0||0|0
5960146759|Love|0|0||0|0
1473360327|Sene|0|0||0|0
8784048402|nick|0|0||0|0
8127680951|John|0|0||0|0
7259809271|Megan|0|0||0|0
8540540308|ㅤBUBLY🌊|0|0||0|0
7772185158|Shevvonna|0|0||0|0
6269582725|Sugiyagi|0|0||0|0
6660772656|Mr muna|0|0||0|0
8556544771|Имя|0|0||0|0
5189389142|Jacy|0|0||0|0
8270657824|Eue|0|0||0|0
8106028711|Еліс|0|0||0|0
7113693047|Ph _|0|0||0|0
7235790434|Kira|0|0||0|0
8016398486|Nora''|0|0||0|0
7128357029|𝐏•𝗡𝗶𝗸𝗶.🌊|0|0||0|0
6857563353|Sandee|0|0||0|0
7142624042|александро)|0|0||0|0
6918018991|Дмитрий|0|0||0|0
7885942424|Sumit Gujjar|0|0||0|0
6304944559|Kawasayia|0|0||0|0
2129669851|Артём|0|0||0|0
7282106937|ㅤㅤㅤㅤㅤㅤㅤㅤㅤㅤ|0|0||0|0
7773605811|Pabitra|0|0||0|0
7563697989|Nikita|0|0||0|0
7526041687|Brandon|0|0||0|0
8017261489|Ihlbo|0|0||0|0
5327852734|ฤกษ์ชัย|0|0||0|0
5536137658|Devraj Sahu|0|0||0|0
7628383669|Катя|0|0||0|0
8082069618|快递业|0|0||0|0
8393549352|K|0|0||0|0
8101522069|Fredswanson|0|0||0|0
7676918834|Катя|0|0||0|0
8486823315|Umar|0|0||0|0
8051225470|Melunamaly|0|0||0|0
7605031451|Виталия|0|0||0|0
7938833338|Ümmiye|0|0||0|0
8251251578|Аркадий|0|0||0|0
6592593551|The Best|0|0||0|0
7637395618|Subhan Usman|0|0||0|0
7674532264|Jcjcjvjc|0|0||0|0
6779239480|ghnsyam|0|0||0|0
7101512439|Артемий|0|0||0|0
8692636570|الجوكر|0|0||0|0
7633457728|Катя|0|0||0|0
8258591927|Soyab|0|0||0|0
6899449907|Daisy|0|0||0|0
5669159599|mal Khale Nisa|0|0||0|0
7206021060|Jerome|0|0||0|0
7645785541|Ariah|0|0||0|0
7961455020|yfuf|0|0||0|0
6578247993|Khemp|0|0||0|0
6678300820|Shadow|0|0||0|0
6311256065|md Arfan|0|0||0|0
8578238153|Cjjnjo|0|0||0|0
7210734720|Zachary|0|0||0|0
6521438381|Bounawara|0|0||0|0
8205339770|Cc Tv In Bio|0|0||0|0
7870378579|Кира|0|0||0|0
7245528734|Ким|0|0||0|0
8589952809|yuio|0|0||0|0
8563677342|Kenneth|0|0||0|0
5272794430|ko|0|0||0|0
5878662513|Seun|0|0||0|0
7242609212|Kristen|0|0||0|0
8351872668|Слава|0|0||0|0
8468261856|James|0|0||0|0
6975136321|Jourdyn|0|0||0|0
8228624724|Витя|0|0||0|0
8363677567|Latasha|0|0||0|0
7320580785|H|0|0||0|0
8366872836|Софья|0|0||0|0
6477510104|MoMO|0|0||0|0
8203293614|Аня|0|0||0|0
8221909310|Richard|0|0||0|0
8463638684|Loria|0|0||0|0
8362697310|Лена|0|0||0|0
5193752137|TZ|0|0||0|0
7253063087|Saheb|0|0||0|0
5842419319|Harshpal|0|0||0|0
7859737783|Chloe|0|0||0|0
7851972670|Maria|0|0||0|0
6409667918|Celia|0|0||0|0
8428297425|jaya|0|0||0|0
7394932593|Mia|0|0||0|0
8425792508|Molly|0|0||0|0
8054402641|Наиля|0|0||0|0
8454551473|Beverly|0|0||0|0
7183343685|Dianne|0|0||0|0
8032364845|Rebecca|0|0||0|0
7086352215|مالك زماني|0|0||0|0
7704075953|Александр Головин|0|0||0|0
6979940584|E01-西荣|0|0||0|0
7622590679|Eddie|0|0||0|0
6780088995|Diego|0|0||0|0
1499874372|Саша|0|0||0|0
7140033073|Мавруша|0|0||0|0
7284020100|Alex|0|0||0|0
8220919990|Xi|0|0||0|0
8187368920|Alice HR|0|0||0|0
7641134481|Townsend|0|0||0|0
7577113540|Michelle|0|0||0|0
8274722407|Jeremy|0|0||0|0
6866901880|Latoyiay|0|0||0|0
1768375946|Isabel|0|0||0|0
7043784320|Sadtara|0|0||0|0
8406832091|Jake|0|0||0|0
7983165207|TIbor Fischer|0|0||0|0
7571571153|Lucian|0|0||0|0
6350864807|حمزه جميل|0|0||0|0
8284728877|Роман|0|0||0|0
7399610878|Янис|0|0||0|0
7477980433|Эльвира|0|0||0|0
8353882656|ᅠ ᅠ|0|0||0|0
8303566282|Qwq|0|0||0|0
6929934554|Настя|0|0||0|0
6454158602|Esma|0|0||0|0
8532163714|ᅠ ᅠ|0|0||0|0
7984722557|ᅠ ᅠ|0|0||0|0
7181995434|Руфет|0|0||0|0
6964962220|أسماء الشمراني|0|0||0|0
8727860826|Sara|0|0||0|0
7092763172|Аня|0|0||0|0
1291451806|Артём|0|0||0|0
8586824121|Sheikh|0|0||0|0
8661286174|Doris|0|0||0|0
5843310429|Mohira|0|0||0|0
8649636965|Juan|0|0||0|0
7170784763|Драконfrostов|0|0||0|0
8447107911|Свет🤫😮🤡лский|0|0||0|0
6675070278|Sujal|0|0||0|0
5916636278|Бехруз|0|0||0|0
7519427887|Uzmobile|0|0||0|0
8360196866|ВеликийАнна|0|0||0|0
8563468400|Layton|0|0||0|0
6616697316|이효감|0|0||0|0
7162794071|Anna|0|0||0|0
6155747562|....|0|0||0|0
8562484710|Carrie|0|0||0|0
8476368557|Carol|0|0||0|0
7661886630|Егор|0|0||0|0
8335721167|Joshua|0|0||0|0
8153444935|David|0|0||0|0
7028143470|Donna|0|0||0|0
6920039877|Nicole|0|0||0|0
6963950099|Zlata|0|0||0|0
7759839446|（认准唯一🆔主号）|0|0||0|0
8782366142|Zimbabsnsbsb|0|0||0|0
8775235313|Christopher|0|0||0|0
7214952682|Monika|0|0||0|0
1662562573|Vijay 😎😎|0|0||0|0
6553132294|Colleen|0|0||0|0
7612543252|Lovely|0|0||0|0
7523961215|Jessica|0|0||0|0
5193995055|Rene|0|0||0|0
7606082230|Scott|0|0||0|0
7821614320|Mr Rock Fm|0|0||0|0
8199040046|Дима|0|0||0|0
7886645658|бог|2026-05-28 22:28|35|8976782867:AAFwXeONGl1FHJPqVo-rfTXybQ19Q8wMQqQ|0|0
8569799378|MR..|0|0||0|0
8738111671|Абрамов Илья Борисович|0|0|7866086496:AAFfF5qb6nt3suy2wMg9Hhhx9r-kY1Wr8dM|0|0
8753206333|🇪🇪 BВП 💘 #No мiрный 💸 патлый брюнет|2026-05-24 08:16|5||0|0
8641908741|Сергеев Паша Министерский|0|0||0|0
8571106021|zertan|2026-05-24 17:49|15|8813701868:AAF4rjr9ANcep0v8UGnuO4WlLayag77nfGo|0|0
8647213318|vk.keep|0|0|8836795481:AAGAy2rXO80mJac8PIiZQMbfwNQF9x7V0_0|0|0
8296200211|ростик мирный💆|0|0||0|0
7418439963|валкипер hunter|∞|9||0|0
8371688382|GiD/Proga|0|0||0|0
8669768845|Download|0|0||0|0
8422023299|вельсимов|2026-05-18 19:18|4||0|0
8404755720|lyxaff|0|0||0|0
8564809431|Xxxxx|0|42||0|0
214369845|антрофилов|0|0||0|0
7899753524|fig|0|0||0|0
8659730570|Калининградов|0|0|8748695704:AAH66aLqtWYt-kSkC7VsqCt50O31pmbjbAc|0|0
8714075997|Dft|0|0||0|0
7613406724|Iks|0|0||0|0
7621865451|Наблюдающий  Black Forest 16+|0|0|8000508084:AAHhg4PBlcFU-QcShNED-i-47adOLaaZ3Cs|0|0
8554465363|union|0|0||0|0
8320865151|младший ssanckssiss|∞|2|8983266640:AAFhF6y-BPG_dUrPMl2Ffjglf8X1EU-oFdM|0|0
8745119935|крис не|0|0||0|0
7834167609|z0nzy #update|0|0||0|0
1184560|ламполин|0|0||0|0
8859060319|Laney|0|0||0|0
830388872|Паустовский|0|0||0|0
8432909825|Рома|2026-05-24 14:31|1||0|0
8957364635|Abdurashid.|0|0||0|0
7255226585|Dens|0|0||0|0
7477217531|Tõnis Kuuskmann|0|0||0|0
8079517732|𓆩ȾꝋīꞦꝋ-Đēᵯꝋꞥ𓆪|0|0||0|0
953564475|Ryzer слава мопсизму 🙏🙏🙏|0|0||0|0
7867028628|лорекс|2026-07-29 15:16|3||0|0
8558607628|Elvera|0|0||0|0
8547598106|I'm a cool Casper😈|0|0||0|0
5635630198|Максим|0|0||0|0
8364709627|.bkeep|0|0||0|0
8003286170|ㅤ|0|0|8646571511:AAEkPaJByB96h6iQ2yiR9GSYY9Mdp5V7cw8|0|0
8667406151|Zarg3nt|0|0||0|0
7396843811|Ар¡сто?|0|0||0|0
8568378886|dkkdoos|0|0||0|1
7314083648|astra|0|0||0|0
